3372 273 
3183 242 
2122 197 
28421 1877 
40360 2503 
41558 2658 
43041 2650 
43614 2769 
52818 3313 
54734 3395 
54615 3380 
55249 3554 
53822 3369 
55101 3382 
54104 3498 
56001 3516 
63538 3979 
65018 4059 
64879 4083 
66782 4157 
65668 4071 
66673 4179 
67751 4127 
68470 4234 
65021 4051 
67210 4309 
67441 4147 
69128 4192 
66793 4154 
67546 4302 
67526 4288 
70177 4279 
75459 4689 
76432 4916 
78362 4872 
77452 4937 
77648 4867 
78502 4873 
79009 4917 
79094 5026 
76489 4904 
78474 4922 
78993 4898 
78880 5011 
80941 4941 
80903 5116 
82793 5337 
84355 5188 
79575 5009 
80952 5086 
82176 5343 
82811 5245 
82043 5097 
84187 5157 
83105 5181 
82973 5418 
80625 5163 
81575 5179 
82181 5319 
83327 5219 
82037 5165 
82767 5234 
83953 5321 
85367 5511 
90153 5768 
91716 5841 
91159 5821 
92932 5956 
92397 5756 
93441 5797 
93937 5885 
94211 6046 
91843 5805 
94281 5815 
93762 5935 
94792 6078 
92731 6055 
95078 5941 
94923 6059 
97281 5957 
93229 5878 
93463 5836 
93644 6017 
94461 6007 
93577 5893 
94977 5928 
97390 6051 
100305 6421 
95763 6042 
96837 6122 
96589 6214 
97984 6173 
96703 6256 
98136 6337 
99473 6314 
100580 6459 
96458 6022 
100103 6335 
99204 6125 
99791 6262 
98622 6157 
98631 6172 
96867 6165 
99196 6383 
96426 6300 
101915 6448 
100124 6338 
100426 6479 
98011 6427 
103347 6367 
104342 6556 
103571 6647 
98566 6079 
97948 6418 
98441 6166 
99354 6314 
97351 6262 
98169 6338 
99115 6362 
99258 6456 
95444 6130 
97346 6372 
98672 6253 
99570 6353 
96919 6209 
99574 6521 
99376 6318 
99954 6508 
104137 6655 
105719 6812 
107228 6821 
108596 6961 
107385 6980 
109197 7126 
109292 7375 
113486 7116 
108849 6960 
108474 7231 
107667 7217 
111265 7365 
113013 7188 
112359 7446 
114362 7305 
117251 7461 
112285 6975 
112672 7296 
110532 7242 
113084 7156 
111617 7282 
112356 7467 
112483 7225 
114173 7362 
112087 7210 
112546 7205 
111849 7355 
113776 7354 
115909 7443 
118579 7393 
116513 7311 
118473 7370 
112842 7214 
114097 7037 
111875 7179 
116745 7407 
115566 7045 
114135 7501 
116306 7255 
116114 7483 
114223 7397 
115313 7375 
118957 7553 
117777 7293 
116277 7295 
117607 7878 
116994 7472 
118066 7588 
111035 7313 
113496 7590 
112130 7387 
114349 7710 
111300 7425 
115117 7764 
114197 7509 
115059 7837 
112639 7564 
115953 7853 
114108 7669 
115522 7636 
113841 7595 
115644 7682 
116721 7739 
116860 7758 
110503 7342 
112696 7541 
112613 7447 
115129 7536 
113710 7722 
114658 7556 
112439 7718 
115023 7774 
111694 7426 
114501 7675 
113114 7746 
115221 7620 
116402 7673 
117552 7948 
115129 7618 
116236 7720 
111969 7477 
115050 7531 
113185 7504 
115345 7634 
113506 7628 
116149 7713 
114667 7630 
116454 7810 
114384 7525 
115532 7894 
115942 7710 
117927 7969 
116568 7743 
119192 7875 
117516 7998 
119566 7954 
113726 7607 
116879 7682 
115206 7884 
115743 8036 
115258 7670 
118825 7801 
117231 7943 
118775 7903 
115692 7698 
118351 7759 
116207 8010 
118316 7863 
117434 7865 
119135 8024 
117341 8034 
120218 8189 
114202 7839 
117639 7915 
116378 8351 
117453 7985 
117317 8075 
117904 8045 
119607 7867 
119793 7996 
116006 7856 
118097 7958 
119502 8955 
123615 8045 
118023 7898 
118387 7980 
117276 8034 
119559 8040 
123076 8336 
123789 8385 
124957 8585 
125738 8625 
124900 8514 
126343 8651 
127802 8924 
128476 8951 
125608 8916 
126561 8849 
126463 8776 
128367 8990 
127447 8764 
129168 9076 
129206 8932 
129717 9196 
125744 8799 
127867 8741 
129126 8756 
128794 8882 
127162 8902 
129060 9053 
129057 8988 
130404 9122 
127145 9009 
129441 9027 
129262 9037 
129938 9071 
129674 8913 
130179 8973 
129725 9000 
130918 9109 
129344 8746 
126001 8767 
127714 8938 
128362 8991 
128759 8917 
129059 9355 
130439 8968 
130500 9118 
127734 8924 
128749 8936 
128903 9079 
130980 9185 
129860 8869 
130224 9053 
130152 9020 
132340 9291 
128944 9057 
129620 9272 
131183 9156 
132303 9221 
130251 9044 
132648 9277 
131523 9245 
132979 9318 
129878 9024 
132091 9082 
133510 9192 
133268 9215 
133247 9284 
133125 9348 
134073 9242 
135138 9405 
130336 9053 
128481 9018 
129169 9046 
131524 9186 
129254 8944 
131393 9115 
130268 9337 
131706 9446 
129191 9091 
130670 9157 
131626 9137 
132026 9239 
130028 9248 
132089 9531 
132497 9171 
133961 9393 
128513 9217 
131975 9225 
130102 9333 
131733 9243 
131663 9046 
132500 9270 
132564 9358 
132729 9362 
135111 9357 
136544 9497 
136687 9546 
138185 9583 
135680 9642 
136953 9786 
137385 9958 
138687 10187 
131187 9490 
131765 9714 
134754 9590 
134027 9787 
132786 9676 
134586 9872 
134723 9704 
135598 9961 
133375 9717 
136279 9743 
135931 9869 
136089 9907 
134658 9958 
135921 10078 
136059 9893 
138006 10042 
134319 9674 
135027 9915 
135863 9838 
137372 10114 
135644 9847 
135341 10139 
137006 9955 
137164 10211 
135531 9754 
135910 10199 
136660 9879 
137737 10259 
136669 9923 
138542 10304 
137693 10009 
140219 10331 
133103 9557 
132747 9792 
134270 9950 
134515 9831 
131796 9747 
134616 9996 
135244 9928 
137600 10192 
134446 9838 
135358 10056 
136342 10061 
136298 10202 
135632 9994 
137638 10117 
137564 10104 
137742 10246 
134784 9906 
136326 9895 
135455 10035 
136641 10114 
139364 10114 
136594 10160 
137115 10260 
138373 10293 
136207 9935 
136663 10188 
137363 10230 
138784 10289 
138100 10177 
137709 10244 
139106 10236 
140146 10683 
133921 9835 
136555 10073 
136160 9938 
137175 10071 
136911 10197 
138171 10130 
137099 10367 
139081 10512 
136611 9945 
137192 10208 
138329 10057 
140046 10201 
137705 10113 
138884 10215 
140726 10375 
141314 10828 
143358 10470 
140671 10452 
141534 11273 
146090 10975 
143472 11045 
147134 11175 
143846 11009 
145202 10950 
140374 10686 
140484 10859 
140836 10828 
143071 11046 
140385 10883 
141821 11087 
142211 11183 
142808 10945 
137716 10658 
137339 10728 
138834 10505 
139183 10762 
139499 10485 
140019 10628 
138592 10901 
139883 10928 
137601 10638 
139496 10829 
139467 10841 
142119 11069 
139576 10629 
140293 10982 
140514 11079 
142669 11065 
138435 10445 
138827 10796 
138604 10688 
141823 10753 
140083 10755 
141147 10915 
140690 10706 
142277 11252 
139683 10923 
141422 10844 
140683 11080 
143973 11146 
142280 11019 
144274 11295 
143624 11403 
146393 11326 
139674 10895 
140526 10898 
140777 10742 
142895 10916 
141138 10752 
142161 11037 
143450 10871 
143531 11055 
140633 10878 
143427 10976 
144104 11012 
143442 10976 
142179 10857 
144643 10951 
144511 10921 
145039 11097 
140867 10784 
142017 10864 
142957 11024 
144251 11336 
143077 10932 
143605 11207 
144854 11115 
144459 11253 
141636 10924 
144745 11031 
144891 11075 
146152 11252 
143964 11005 
144539 11365 
145838 11136 
145549 11521 
146918 11250 
148154 11484 
148759 11368 
149105 11383 
150492 11558 
152371 11628 
153347 11522 
155065 12023 
149936 11788 
150407 12033 
151688 12284 
152104 12607 
151864 12254 
153420 12523 
153882 12298 
155222 12612 
150779 12127 
152300 12320 
152742 12362 
154016 12536 
152446 12255 
154664 12442 
154841 12493 
155769 12445 
153507 12397 
155348 12691 
155956 12518 
155621 12866 
154231 12657 
157499 12734 
155559 12786 
156790 13003 
150896 12558 
152694 12662 
153178 12522 
154184 12615 
152877 12443 
154890 12553 
154214 12597 
155054 12869 
153202 12498 
155529 12557 
155756 12478 
155772 12648 
154609 12509 
154927 12751 
155102 12944 
157448 12913 
152225 12354 
154925 12766 
155262 12607 
157482 12708 
155898 12835 
157846 12851 
158612 12914 
159230 12765 
155838 12552 
157078 12837 
157606 12821 
158815 12970 
157946 12904 
159326 12804 
159636 12997 
161004 13170 
152878 12621 
154684 12718 
154886 12540 
155876 12616 
155677 12457 
155595 12787 
161130 12805 
158211 13058 
155228 12538 
157852 12658 
156445 12773 
157896 12881 
159889 13135 
158612 12725 
158517 12793 
159596 12908 
155687 12663 
156530 12694 
156915 12732 
158208 12731 
157087 12692 
158217 12871 
159208 12945 
159124 12952 
157226 12786 
157718 12940 
159896 12935 
161095 13159 
158041 13081 
159985 13177 
161504 13129 
162665 13548 
156931 13394 
158862 13805 
159471 13188 
160756 13521 
158974 13342 
160297 13838 
161627 13531 
162756 13538 
160083 13436 
161226 13632 
161800 13550 
162152 13564 
161194 13517 
163066 13845 
163244 13908 
163962 13740 
159531 13150 
160227 13762 
160910 13514 
162239 13525 
161680 13455 
161544 14030 
162302 13599 
163437 13722 
160456 13417 
162446 13668 
162477 13550 
163541 13579 
162156 13754 
163369 13958 
165730 13719 
164307 13849 
156385 13161 
158565 13311 
157822 13583 
160509 13516 
158942 13149 
159956 13632 
159133 13398 
162307 13923 
160055 13299 
160837 13679 
160591 13683 
165292 13790 
163571 13775 
162290 14188 
165956 13724 
166939 14210 
164341 13786 
165399 14412 
166924 14070 
168455 14207 
172784 14380 
175038 14485 
174045 14393 
168124 14224 
170121 14845 
171612 14719 
168962 13997 
165315 13771 
165062 14712 
170808 14322 
172750 14063 
170305 14846 
162208 13620 
169262 14056 
169774 13872 
166822 14746 
166703 13697 
170135 13990 
168556 14790 
169223 14614 
169660 14030 
171070 13951 
172324 14288 
172178 15007 
167955 14546 
168831 14950 
169900 14024 
173680 14610 
179650 14476 
179338 14134 
179839 14470 
172847 14104 
177835 14357 
172778 14698 
179679 14814 
181461 15297 
171196 15888 
178912 15073 
180515 16065 
177711 16102 
179605 15376 
180672 15411 
181563 15130 
176045 16406 
170036 14992 
167901 14917 
167004 15184 
170081 15503 
170716 15129 
172397 15533 
173597 15288 
176000 15292 
171127 15320 
178777 15466 
175715 15393 
176086 15292 
174080 15377 
179591 15627 
176753 15537 
176459 15378 
167278 14632 
170051 14931 
169028 14948 
170715 15163 
168936 15319 
171657 15041 
170795 14850 
171136 15166 
168200 14720 
169771 15113 
170085 15057 
172297 15174 
170940 15131 
174352 15225 
172175 15271 
174872 15522 
170119 15000 
171870 15387 
172673 15150 
172706 15291 
171698 15083 
172648 15332 
174280 15481 
174765 15394 
170850 15122 
173108 15420 
173020 15237 
174289 15635 
174041 15127 
175617 15528 
175770 15274 
176070 15567 
171855 15152 
172067 15101 
172934 15377 
174745 15432 
172867 15402 
173648 15608 
174601 15350 
176336 15570 
173763 15098 
174386 15623 
174601 15309 
175420 15656 
174751 15697 
176303 15390 
176557 15787 
178170 15482 
167786 14915 
170297 15231 
170515 15078 
171191 15375 
169049 15145 
171359 15261 
172878 15456 
174768 15439 
170544 15342 
173018 15356 
173427 15547 
175082 15681 
172729 15990 
174614 16369 
174443 16046 
175947 16350 
172071 16008 
173519 16318 
174501 16191 
174267 16261 
173948 16345 
175533 16234 
177057 16234 
176158 16387 
173412 16289 
175857 16246 
175270 16184 
177074 16436 
174403 16104 
177225 16396 
176710 16351 
177224 16744 
171881 16009 
172239 16253 
173522 16024 
174791 16243 
174583 16217 
175036 16230 
175872 16491 
176651 16388 
173069 16258 
175566 16124 
175188 16412 
175809 16433 
175009 16082 
178616 16365 
176267 16244 
178283 16859 
173315 15899 
175324 16678 
174598 16112 
178087 16896 
177373 16532 
178816 16719 
179372 16511 
179503 16959 
178343 16329 
178332 16820 
179845 16575 
179881 16883 
178433 16468 
181067 16809 
180675 16681 
180714 17123 
175743 16183 
175538 16463 
176792 16297 
176547 16598 
178348 16289 
177150 16350 
178306 16470 
178481 16715 
176538 16367 
177850 16427 
178561 16508 
179219 16662 
177478 16532 
177484 16609 
178248 16736 
179569 16714 
175862 16428 
176940 16483 
177486 16698 
178415 16602 
176789 16313 
178089 16940 
178854 16632 
180052 16762 
178023 16613 
179060 16360 
179408 16684 
180957 16731 
181931 16977 
183177 16654 
182348 17153 
183670 17064 
177404 17083 
178461 16927 
179434 17474 
180914 17470 
181353 17747 
181110 17890 
181766 17797 
183541 17979 
181523 17699 
181969 18032 
182109 17882 
182508 18389 
182945 17660 
183616 18306 
183954 18142 
184865 18331 
179071 17649 
182706 17960 
182591 17928 
183601 18063 
182807 17980 
183906 18003 
184612 18162 
185048 18096 
182485 17786 
182284 18095 
183283 17862 
184254 18413 
183358 17933 
185334 18486 
184797 18177 
186597 18399 
177573 17725 
177934 17922 
179034 18172 
183108 17778 
179162 17889 
181253 17954 
180084 18020 
182525 18204 
180073 18004 
181284 18062 
182498 18032 
182780 18303 
182466 18053 
184210 18359 
183719 18302 
186265 18447 
181246 17793 
183195 18364 
182467 18338 
185317 18236 
183254 18531 
184755 18192 
184059 18301 
185335 18720 
183071 18138 
183460 18466 
184780 18221 
185466 18791 
184939 18171 
185416 18583 
185456 18425 
187084 18447 
179670 18160 
183777 18175 
183289 18222 
184483 18405 
182919 18141 
184124 18455 
184050 17975 
186116 18498 
182876 18130 
184393 18416 
183715 18388 
186472 18296 
185114 18357 
185761 18305 
186038 18319 
187874 18686 
183308 17951 
184986 18371 
186863 18269 
187129 18757 
184349 18408 
188390 18600 
188172 19076 
190055 19016 
188066 19043 
189323 19388 
189267 19402 
190767 19755 
188786 19446 
190929 19641 
191665 19421 
193271 19811 
184980 19214 
185432 19153 
185966 19426 
188021 19295 
187369 19147 
187551 19642 
187554 19199 
191046 19388 
185732 19083 
188285 19263 
187866 19388 
188800 19558 
187225 19235 
189352 19666 
188456 19368 
189791 19573 
184607 19177 
187400 19112 
189261 19002 
189611 19843 
188441 19232 
193312 19641 
190191 19324 
190718 19613 
188217 19124 
189023 19532 
190480 19334 
189897 19666 
188713 19529 
192057 19561 
190725 19590 
190410 20078 
187028 19052 
188224 19197 
189824 19738 
191282 19695 
189786 19564 
191367 19769 
192146 19343 
192868 19770 
190029 19588 
